5000
1
4
8
92
87
13
80
62
50
59
26
62
21
2
41
55
5
23
55
14
57
80
79
65
7
8
64
55
4
91
28
19
78
19
98
48
30
80
97
90
85
89
19
79
25
12
97
61
29
94
87
41
14
18
64
85
4
25
0
81
66
47
85
52
90
84
64
16
42
50
1
42
17
1
98
62
10
34
54
93
18
25
73
8
77
46
95
77
38
14
26
43
80
80
29
4
88
16
61
29
95
55
45
26
59
72
26
59
59
55
64
78
7
30
38
34
43
68
59
14
4
21
54
96
38
31
87
71
55
28
31
46
78
1
53
63
47
17
41
32
19
43
38
90
55
100
45
22
59
81
19
62
62
16
26
77
33
76
93
14
31
63
47
24
51
6
71
97
31
71
87
85
29
28
23
96
57
35
33
22
58
28
67
41
19
85
69
83
41
61
40
30
86
94
47
94
90
33
92
87
10
42
0
75
81
85
78
48
53
33
80
12
53
66
20
85
94
7
79
77
80
57
56
19
73
38
26
20
15
100
98
88
69
32
67
82
97
96
0
55
45
29
43
97
40
18
25
90
47
61
46
36
94
34
66
61
64
14
0
61
81
37
42
57
73
90
8
55
20
94
57
53
80
5
33
78
53
14
90
47
54
57
38
28
16
67
61
11
6
19
16
56
5
99
12
26
84
14
63
64
18
73
37
55
98
73
84
54
48
57
48
61
36
93
80
90
21
90
96
28
42
9
91
20
92
43
85
40
97
8
40
19
75
41
36
63
65
98
32
57
1
41
69
3
5
86
41
91
63
63
55
32
1
17
3
51
76
38
8
34
96
47
50
77
80
23
3
31
94
24
33
7
52
50
6
24
2
90
57
77
82
41
57
84
99
78
5
33
14
42
68
77
6
51
29
74
65
86
24
77
43
12
27
79
85
26
46
20
15
20
40
74
8
54
71
7
32
7
83
76
62
76
88
80
70
44
70
92
85
89
52
41
22
36
3
95
70
93
16
66
38
14
20
94
28
62
40
40
3
81
50
66
81
65
33
41
68
33
30
44
92
88
66
53
65
77
60
37
8
59
56
73
74
48
18
85
66
58
5
95
53
5
29
9
33
51
38
73
54
74
79
12
77
28
58
47
20
18
58
57
47
20
31
59
31
25
80
74
39
87
1
49
6
14
78
65
42
30
13
16
9
78
41
45
21
86
79
82
6
52
92
54
28
72
56
73
23
11
85
31
64
10
46
73
25
84
13
2
95
0
8
78
0
46
99
41
28
71
60
42
22
69
98
13
36
32
96
37
16
52
30
28
27
97
17
81
70
90
3
3
44
3
73
74
24
54
44
43
38
41
33
67
26
77
47
29
47
30
73
13
36
48
95
33
78
43
50
68
13
93
16
97
15
43
20
2
82
37
92
4
11
24
75
94
23
42
28
65
5
4
77
58
11
80
71
22
92
53
40
71
31
30
26
90
19
89
27
10
32
56
27
32
48
44
49
14
20
42
45
84
74
16
22
93
93
5
62
74
6
82
20
24
16
73
15
0
56
26
20
4
16
81
84
8
3
96
55
98
88
0
61
92
95
54
11
71
53
43
26
95
96
11
43
84
83
68
51
20
34
36
97
79
100
89
61
26
38
88
41
68
55
53
31
13
89
100
93
70
36
0
64
21
48
19
27
91
54
55
28
81
73
63
20
0
11
19
31
83
88
37
14
88
34
63
54
78
65
76
49
40
11
52
49
89
16
80
43
47
69
9
47
64
28
95
60
83
8
25
83
100
78
29
90
22
8
44
77
97
36
60
2
25
14
24
61
53
33
8
58
91
79
57
23
18
70
17
51
99
6
6
81
42
17
38
94
42
58
83
17
99
95
74
31
35
82
21
23
33
73
73
74
53
13
100
21
52
22
53
54
74
51
48
69
69
58
71
91
33
3
75
1
12
88
45
20
13
94
12
57
31
77
50
87
0
29
11
41
85
11
28
48
42
3
29
98
19
84
52
60
47
93
68
61
65
57
83
4
31
83
91
10
63
15
71
53
75
56
75
40
18
44
43
11
95
40
68
65
46
52
28
86
40
89
13
7
88
69
52
97
55
75
82
82
86
88
83
3
20
77
0
72
98
65
48
63
38
25
13
4
1
32
69
81
73
52
62
28
78
8
21
28
80
28
48
96
7
27
67
67
74
26
10
62
37
54
45
33
17
22
11
61
86
16
67
47
72
87
36
34
33
4
81
27
39
54
17
32
88
93
95
15
37
55
1
30
69
8
74
29
13
29
57
27
59
19
84
37
89
50
55
37
70
35
13
77
74
14
84
29
31
98
9
11
50
29
0
83
88
98
24
11
5
68
81
73
47
78
41
43
35
16
84
47
0
36
76
26
25
44
21
72
31
24
96
97
61
50
39
48
66
95
33
59
9
62
64
83
8
91
45
50
89
46
50
21
81
4
96
88
50
78
99
62
13
36
61
27
28
61
67
95
83
81
91
18
11
50
19
42
25
39
39
97
92
20
29
100
73
13
68
93
90
41
29
28
28
0
35
19
66
10
49
39
68
37
63
51
38
13
9
11
25
68
48
70
56
95
63
47
51
44
87
47
85
59
32
83
15
52
24
85
20
87
56
29
54
67
32
21
48
1
40
12
61
42
90
39
13
70
26
81
62
6
65
25
93
15
67
86
66
96
80
65
45
29
72
69
76
41
66
36
5
24
53
21
88
59
62
45
1
97
10
76
92
77
67
95
26
54
76
84
95
50
2
85
29
2
80
1
50
53
38
8
81
82
28
4
41
71
76
41
57
3
17
34
7
13
94
81
45
62
26
70
70
7
5
75
30
18
78
65
84
50
77
47
20
41
21
98
31
0
95
91
75
29
48
10
87
24
90
25
82
53
0
17
94
47
75
66
63
10
74
63
8
24
17
93
92
39
49
10
63
51
65
91
39
32
31
8
63
96
24
33
58
37
68
30
50
93
34
40
62
27
37
20
73
55
71
82
68
46
12
68
51
44
58
13
22
20
94
38
74
19
50
20
37
63
61
24
96
13
26
50
55
73
100
97
57
36
24
14
25
43
47
3
69
98
97
32
74
17
93
85
55
21
44
57
82
17
0
62
7
63
24
45
4
11
42
15
85
40
68
61
94
59
97
65
98
95
0
93
25
94
16
91
59
65
61
68
26
91
2
4
61
45
27
70
39
84
57
46
85
69
23
47
17
18
71
93
4
4
34
66
10
16
4
33
61
91
20
92
48
43
66
1
2
85
54
36
94
11
1
84
34
84
84
71
79
19
57
18
12
95
84
21
49
13
18
97
9
42
47
77
93
9
67
8
63
48
96
62
16
51
4
99
79
68
88
82
87
55
89
93
1
97
24
36
24
51
74
58
62
66
21
45
37
88
84
29
14
6
26
14
82
58
0
35
44
84
92
49
74
64
84
46
28
39
9
61
9
64
72
19
3
53
59
92
72
0
90
40
58
40
26
56
32
15
72
63
1
42
80
64
96
56
8
23
31
24
32
61
61
24
83
41
1
40
99
49
41
16
20
89
13
2
65
49
9
36
98
82
19
100
77
32
63
9
84
15
81
36
24
35
4
26
20
4
70
21
71
67
79
87
15
99
4
33
65
77
89
27
56
91
81
69
19
93
44
2
65
52
13
0
0
98
46
27
21
35
82
16
76
5
85
68
38
58
76
48
92
92
9
22
8
3
49
49
82
66
31
18
91
89
6
35
58
66
81
35
42
61
28
33
40
89
86
23
67
78
68
51
87
12
55
74
22
14
43
59
88
15
67
39
69
39
33
66
39
65
69
47
11
88
75
10
5
61
2
72
75
74
47
65
61
74
27
0
55
71
39
71
85
23
53
90
49
90
72
19
8
22
15
81
62
32
55
15
54
30
31
7
23
71
50
65
98
31
89
4
27
37
8
9
86
14
72
38
99
77
49
31
3
84
15
90
41
26
56
1
82
24
23
75
51
73
35
31
55
18
75
31
54
13
66
91
72
62
49
66
40
22
32
70
82
80
56
7
68
73
86
92
26
51
9
43
61
64
49
96
94
38
75
95
97
21
46
28
1
95
26
89
92
12
31
30
56
92
44
92
38
33
49
73
18
77
0
35
18
13
94
28
97
48
40
50
43
55
65
67
35
53
71
66
96
51
96
26
3
20
45
58
21
50
29
48
59
95
42
10
94
26
31
43
85
97
18
75
33
89
25
29
49
0
44
69
96
41
19
32
46
36
77
68
68
66
22
62
43
87
75
70
14
53
59
79
23
52
80
5
19
74
95
54
83
0
91
84
9
93
82
73
81
43
64
53
96
6
38
70
24
18
54
35
48
16
34
1
73
72
10
10
28
17
40
52
61
28
70
35
8
32
18
29
64
33
80
54
60
18
97
41
73
28
68
76
57
62
20
77
1
34
88
46
82
17
26
80
54
60
31
13
80
55
94
51
43
59
70
97
58
66
48
35
85
32
18
9
69
84
77
64
64
84
55
10
39
45
41
42
60
18
79
80
98
2
98
32
36
56
32
9
56
79
45
49
44
71
14
26
33
16
9
43
2
97
18
54
100
39
64
1
100
95
62
8
60
34
90
5
89
95
46
13
97
32
85
73
14
56
31
32
7
21
98
80
91
38
65
12
62
35
29
68
18
2
11
94
98
76
62
7
22
94
56
5
81
47
60
8
14
9
79
57
40
60
45
16
56
36
40
9
50
57
71
37
17
41
84
93
13
63
65
58
5
55
26
81
45
30
20
70
55
34
64
82
50
54
38
43
94
67
86
84
9
96
84
68
44
71
16
43
83
74
75
80
58
82
3
44
60
81
14
95
94
96
93
65
58
94
71
92
17
48
50
26
3
69
35
98
96
61
97
79
74
65
26
3
56
1
58
69
16
15
77
35
41
30
95
17
80
1
21
26
68
63
40
36
96
32
17
50
44
16
56
80
40
41
50
40
52
29
86
33
76
22
20
4
100
7
49
37
99
48
74
32
28
86
12
98
7
74
82
78
47
11
29
32
40
54
54
79
65
14
17
94
63
44
92
24
88
75
43
12
97
68
12
26
82
15
66
95
84
95
3
16
8
52
28
40
93
12
63
72
5
68
92
5
6
74
91
83
55
86
17
19
100
70
34
78
100
77
3
100
45
68
48
51
35
20
49
2
10
89
51
44
33
71
49
9
15
90
15
53
92
51
67
89
72
82
65
54
80
75
10
9
53
0
36
25
91
1
17
24
24
58
1
52
17
92
52
24
24
38
59
52
56
15
71
75
77
76
11
32
2
44
93
24
89
67
93
9
50
22
64
53
51
42
36
90
28
42
59
96
51
10
61
72
80
91
45
2
26
41
62
22
61
28
75
66
2
31
2
16
38
33
83
8
5
80
10
66
54
97
17
4
6
95
55
50
23
40
28
5
3
21
3
62
16
65
7
36
26
100
76
57
76
91
94
27
56
83
11
67
4
73
32
30
20
54
49
54
89
76
1
8
9
51
4
94
96
48
85
59
34
20
13
55
6
33
16
39
56
83
15
53
49
76
14
7
78
66
60
89
11
10
80
49
29
68
54
9
74
45
43
57
55
98
78
93
66
62
17
31
0
38
8
11
41
91
39
74
92
21
60
73
6
49
64
55
61
85
1
29
37
49
24
16
0
72
30
49
78
18
7
4
23
49
45
21
57
32
95
8
93
34
97
83
93
9
84
61
42
87
2
32
95
23
87
71
70
26
8
21
57
44
96
36
22
8
62
31
90
98
14
88
10
7
84
10
42
9
28
19
50
5
60
36
44
39
6
53
80
95
7
40
28
3
65
96
55
53
44
55
37
95
0
2
65
53
34
26
54
70
89
49
50
0
61
59
96
42
7
35
82
81
97
10
33
33
32
9
26
51
18
56
29
87
59
92
76
36
28
17
22
89
21
65
3
46
83
89
88
39
31
53
32
70
47
64
77
6
92
90
63
79
20
6
72
52
93
50
33
64
95
90
31
25
44
10
50
26
93
5
72
49
93
98
66
27
17
34
7
83
99
0
17
42
70
42
69
25
40
13
9
63
55
55
71
18
91
45
84
30
82
34
77
19
69
85
77
61
95
53
70
13
73
9
50
36
27
81
44
7
23
62
1
91
98
69
25
66
77
76
84
49
11
23
62
6
69
69
77
7
30
85
71
77
23
52
23
5
11
83
67
54
60
19
99
95
41
71
92
70
59
69
49
76
51
94
3
46
38
98
54
8
0
11
43
21
87
98
17
21
52
45
29
31
38
28
77
64
30
96
16
82
93
40
90
5
61
75
81
95
74
89
18
1
72
94
53
60
22
27
65
32
8
80
23
92
5
46
14
70
37
100
40
68
8
58
24
96
8
10
45
99
31
11
89
60
28
22
77
60
24
27
82
43
99
73
79
16
13
23
58
17
84
38
98
21
18
55
3
15
40
81
75
50
0
87
14
33
68
81
97
62
30
21
39
4
13
46
36
1
71
20
40
90
27
48
94
40
72
63
23
31
17
66
17
32
100
48
65
1
62
23
19
20
72
17
79
12
1
3
74
18
7
94
78
95
18
63
83
61
0
79
91
68
11
47
55
55
29
72
44
74
31
19
56
62
5
76
89
5
13
51
7
10
86
83
20
33
16
83
29
80
94
29
16
57
2
67
36
29
46
27
44
56
96
45
14
62
88
1
86
35
36
98
83
22
27
22
54
27
59
60
28
47
17
65
68
28
49
62
37
44
3
19
75
52
72
20
79
39
26
79
2
60
53
57
72
31
28
97
32
34
48
97
97
90
32
86
98
42
78
69
26
7
30
16
29
60
79
40
46
18
28
16
57
43
34
38
48
81
24
20
59
17
29
73
80
12
70
95
5
87
89
97
39
40
39
45
92
57
29
97
87
22
74
80
21
4
2
16
10
63
13
5
60
29
3
30
45
55
90
60
39
97
60
21
2
56
31
66
54
52
51
82
28
20
4
88
12
70
15
66
83
23
47
20
60
35
19
9
74
85
25
0
78
82
7
43
72
85
4
80
70
11
6
89
15
75
47
81
68
64
34
44
78
58
86
68
23
53
88
59
21
34
50
89
80
6
74
87
88
47
89
25
61
22
53
61
33
30
12
52
99
66
3
4
25
97
42
72
24
92
10
40
89
73
34
98
21
77
40
74
52
5
15
45
39
42
42
78
64
96
19
60
8
81
87
4
78
63
15
47
76
9
66
76
86
99
20
81
86
19
17
10
43
90
18
60
2
93
25
81
38
80
81
69
19
82
11
88
15
22
26
100
54
61
88
40
26
23
17
46
41
7
85
85
57
61
89
60
70
38
77
2
73
91
73
90
65
52
26
44
79
25
28
14
16
35
44
24
11
21
2
93
46
85
0
67
44
72
63
91
64
59
30
4
88
11
9
22
88
90
100
81
42
80
28
0
69
2
60
44
4
26
39
6
42
84
86
70
65
56
15
37
14
51
68
47
89
5
16
53
8
20
76
92
36
10
39
34
57
1
3
25
91
98
60
93
97
27
21
42
81
81
95
90
20
11
83
65
78
67
41
54
65
70
55
84
23
71
60
7
46
44
73
45
51
83
73
60
28
45
28
40
47
41
50
25
28
20
62
57
71
42
72
34
66
73
90
29
12
80
30
44
60
25
53
5
62
24
27
43
22
23
47
8
70
100
52
52
37
99
68
71
17
49
65
80
33
33
80
73
22
93
64
61
72
35
83
85
8
6
45
26
72
89
84
65
76
54
89
84
95
44
83
8
21
92
28
60
32
49
12
82
31
16
50
99
92
87
28
85
93
31
2
65
83
76
3
69
89
87
7
44
36
37
46
88
53
47
62
28
74
59
22
65
3
47
44
83
67
48
53
98
79
37
0
44
57
90
66
28
42
86
54
6
43
59
56
27
4
38
20
65
5
45
37
18
62
9
22
23
44
16
22
50
59
61
10
9
9
71
1
52
48
85
78
85
14
47
70
56
22
58
34
79
10
0
61
46
98
21
96
16
67
22
24
53
30
61
30
98
17
37
16
21
49
96
27
99
3
10
39
84
89
29
41
58
74
91
5
48
27
7
20
6
43
3
66
5
85
1
99
16
71
1
8
26
12
62
23
13
80
35
78
21
21
0
74
9
70
23
49
60
23
84
50
38
48
15
15
37
29
62
82
12
45
31
96
44
99
33
51
16
77
3
61
27
73
59
74
46
91
6
7
36
58
19
55
83
23
90
66
29
57
56
70
4
14
96
80
20
45
59
16
93
81
28
96
31
6
99
72
45
51
27
18
81
77
56
51
94
14
14
64
31
47
5
1
39
57
50
52
68
86
32
96
73
24
25
52
88
54
50
23
36
70
57
18
43
21
12
32
47
75
32
32
78
72
13
70
34
78
99
57
63
93
24
64
76
90
83
72
21
29
62
8
78
46
65
4
4
0
73
59
87
69
98
56
3
35
66
86
75
83
32
72
52
56
91
27
94
26
57
95
63
6
52
5
44
73
58
57
9
44
50
52
40
87
97
35
61
41
47
24
85
40
51
81
71
89
85
77
83
48
76
94
87
74
12
48
17
94
82
18
29
61
96
52
27
12
20
96
32
66
19
89
25
95
70
7
96
97
93
95
76
61
86
64
64
82
27
17
46
0
77
99
60
56
33
27
48
56
52
54
82
44
44
90
74
91
58
58
89
66
17
41
35
65
6
33
88
84
40
63
57
79
54
19
7
8
31
98
23
91
59
81
39
49
45
1
0
53
41
33
46
56
72
84
11
29
45
27
86
20
50
60
45
89
22
91
69
4
83
74
84
3
66
17
39
44
26
51
77
70
20
65
98
60
30
13
60
14
47
44
95
86
3
90
11
82
4
65
13
58
73
81
17
33
67
50
28
87
27
40
76
12
24
97
59
73
24
69
62
66
42
55
99
34
55
0
93
54
26
28
98
76
3
6
58
17
97
96
13
33
32
32
34
34
25
76
33
100
82
46
49
75
1
93
26
89
33
93
33
82
38
11
51
88
69
58
41
1
21
51
41
8
11
98
14
68
58
32
36
92
5
39
10
48
74
94
76
57
73
68
43
93
55
0
40
40
48
92
82
0
68
30
95
90
41
73
42
82
57
97
85
98
95
51
61
26
34
27
12
9
22
11
29
16
45
93
61
22
1
67
18
47
64
45
33
64
69
6
79
46
4
13
1
81
15
73
29
57
9
13
26
82
42
64
3
13
89
100
19
60
41
20
70
96
5
19
11
25
31
84
29
76
17
73
48
60
14
49
22
76
0
96
96
33
19
96
87
86
97
36
5
20
77
26
2
67
93
88
1
12
26
1
35
84
23
18
26
95
52
18
46
75
46
36
28
16
44
97
71
60
38
52
35
45
6
27
88
41
20
2
13
30
56
72
82
76
47
10
17
25
46
92
34
31
96
49
27
65
21
1
89
34
85
90
11
58
8
13
52
79
81
98
96
34
93
71
62
22
54
94
70
9
2
36
72
65
33
74
81
52
1
27
10
79
62
16
0
93
31
52
41
43
62
72
19
7
69
60
80
61
100
85
86
43
7
96
79
78
94
2
93
22
87
25
52
79
10
36
78
53
44
61
8
70
23
73
26
86
80
61
71
79
38
0
27
11
41
93
17
68
72
23
100
73
31
43
43
44
91
93
47
33
88
24
43
87
96
78
98
74
13
79
20
62
62
50
43
78
44
66
91
90
60
40
76
65
77
30
45
46
42
88
21
82
58
44
25
60
82
85
61
72
11
89
3
86
2
55
99
20
42
10
19
65
95
60
100
16
13
85
23
85
25
46
3
89
22
58
68
35
51
39
55
80
15
77
15
33
26
85
71
25
79
23
34
78
56
66
62
81
39
69
0
78
31
6
70
73
24
74
78
2
8
17
71
0
47
18
16
69
13
9
16
95
17
5
39
64
47
97
10
93
23
70
2
52
28
94
79
97
55
18
38
38
46
26
26
69
6
1
65
79
41
0
3
40
10
83
96
28
44
5
7
33
79
43
45
75
1
48
64
76
34
12
64
77
15
3
0
53
41
56
18
46
32
2
90
52
51
37
70
25
16
44
47
76
67
55
30
27
16
31
27
77
21
2
67
0
33
85
2
15
24
46
41
63
75
87
56
62
30
16
71
67
57
65
65
69
0
22
97
36
78
12
79
97
44
75
36
68
92
49
86
6
40
13
20
64
49
59
16
38
84
53
90
91
35
83
21
91
78
54
13
40
13
34
60
64
71
8
26
87
93
93
98
92
67
78
1
57
72
83
3
46
50
2
31
26
94
29
90
89
38
96
54
59
18
89
49
82
43
34
45
95
11
44
34
61
98
41
43
97
8
4
24
28
28
79
20
88
65
26
37
96
72
69
66
2
49
66
90
3
12
99
2
98
51
89
58
43
72
78
70
80
2
100
60
46
70
8
65
50
73
26
13
31
52
69
39
80
20
30
80
40
29
97
40
83
63
25
100
35
69
93
65
62
8
96
69
77
43
49
38
9
35
18
47
29
46
74
90
7
37
46
78
2
21
26
91
28
56
58
20
68
92
68
92
42
98
93
6
56
6
43
85
72
1
27
3
22
69
4
30
28
26
43
67
17
65
92
60
52
55
16
43
36
54
41
20
23
59
77
40
2
48
9
0
19
79
48
21
76
31
33
29
19
4
93
97
90
78
58
87
97
55
78
27
2
82
56
69
34
63
23
79
69
33
100
62
70
92
72
79
67
100
85
8
60
49
91
91
52
62
31
52
42
47
23
87
63
27
16
10
40
31
82
61
99
83
72
2
6
14
80
80
83
11
4
13
77
84
19
25
15
25
91
68
34
21
60
85
40
63
14
77
79
85
27
98
42
6
45
79
65
68
44
85
96
76
17
99
35
29
57
15
93
63
20
10
54
25
16
36
50
64
8
13
1
68
44
17
25
90
51
0
78
26
93
46
72
10
60
87
6
7
49
32
81
58
7
40
97
48
40
95
46
63
21
33
23
4
68
80
63
57
69
11
62
53
46
83
79
73
76
12
92
97
1
40
3
63
2
9
93
49
60
54
65
13
35
97
79
47
37
35
6
32
86
78
66
6
53
34
96
82
52
100
37
78
56
99
64
44
41
15
9
46
11
99
79
88
51
77
20
88
73
8
68
79
90
5
96
62
2
8
39
44
65
51
88
87
30
17
7
66
9
46
84
29
92
86
50
86
72
86
68
33
95
79
74
46
49
11
97
37
55
38
66
5
78
41
59
34
30
14
29
3
54
53
97
41
91
45
97
44
42
42
31
66
57
48
58
61
38
47
79
10
52
35
70
33
31
31
