576
1
68
81
17
9
77
74
2
84
11
39
9
10
73
36
68
56
56
45
25
77
15
49
39
24
21
92
26
14
96
41
75
73
68
47
100
86
35
50
22
74
24
60
17
77
49
64
15
83
88
32
4
46
77
38
79
22
7
96
87
75
80
59
12
46
89
19
34
37
36
28
29
13
79
33
23
5
71
80
30
21
88
94
87
33
42
10
5
36
67
2
98
12
99
63
18
78
15
44
12
4
74
38
19
4
18
66
66
32
92
13
24
51
75
94
19
16
3
49
67
72
94
61
36
8
84
79
41
10
25
59
10
49
32
79
100
6
84
16
56
66
99
99
14
97
82
69
96
39
73
9
62
32
47
58
99
36
25
100
12
59
17
99
10
69
40
54
100
51
98
40
10
26
36
31
17
10
6
20
16
15
2
25
74
87
12
74
6
24
64
60
34
63
87
51
49
99
54
26
3
22
44
87
88
94
89
61
36
5
65
12
26
67
65
99
18
49
79
81
92
86
84
94
72
12
13
32
65
28
33
5
17
20
6
100
65
92
19
74
10
8
67
54
43
72
51
62
99
63
15
90
49
77
62
100
86
69
6
85
54
16
8
41
67
73
5
35
45
84
84
33
75
41
61
45
21
78
34
32
1
9
95
94
67
33
56
55
87
74
45
94
18
31
84
79
29
59
6
28
85
4
85
77
37
86
42
34
45
85
22
2
31
41
93
54
22
73
95
87
32
2
74
48
84
97
100
57
73
18
93
39
57
67
89
76
7
90
8
49
43
10
61
20
87
92
46
19
95
79
1
99
30
43
78
21
84
43
56
66
47
98
25
55
1
97
25
40
50
12
10
12
60
23
45
18
26
30
9
8
54
69
11
50
67
24
99
40
24
66
99
37
6
70
21
76
93
91
12
51
18
6
12
55
58
33
2
87
13
65
10
21
46
67
82
5
90
77
24
7
87
8
10
59
84
92
54
38
43
13
92
5
2
46
57
59
24
25
53
18
52
42
12
55
60
12
41
52
67
86
11
79
28
9
99
25
13
77
64
82
12
74
85
76
88
98
55
58
64
66
67
47
86
47
30
36
44
87
86
29
18
68
68
90
47
51
75
46
48
12
90
35
8
84
4
26
65
68
28
62
53
98
63
39
60
98
32
26
88
42
99
93
10
98
66
4
80
37
95
77
57
41
11
70
64
8
57
15
95
11
100
52
73
85
33
100
90
13
30
50
45
91
53
18
7
63
25
57
54
10
1
37
58
5
12
50
47
59
81
98
56
59
12
86
80
73
66
77
35
10
56
4
27
71
16
68
59
14
