256
1
70
63
97
61
18
1
11
30
70
19
16
85
70
95
56
74
62
41
12
39
85
41
22
59
16
76
96
68
29
86
64
74
62
100
30
64
3
47
75
84
1
26
71
57
92
87
31
64
54
43
54
22
24
13
66
85
40
20
43
45
84
54
83
66
60
18
65
43
52
60
93
35
79
11
41
59
11
5
30
43
14
26
9
70
98
59
37
77
15
92
59
100
87
68
60
86
28
72
92
48
68
18
4
59
8
85
2
42
32
73
88
49
36
97
91
54
95
43
88
82
33
99
79
19
22
81
5
42
8
42
72
28
64
32
15
75
42
8
65
28
4
17
98
4
93
51
99
21
24
12
82
37
63
28
77
55
25
31
71
68
70
96
63
91
68
19
92
93
85
19
28
61
77
85
56
64
52
2
88
31
29
53
19
19
30
86
45
74
43
42
61
80
11
94
35
47
3
85
47
19
66
12
41
8
92
80
62
65
44
11
6
54
54
42
12
93
78
62
60
25
27
88
42
20
66
99
93
87
63
77
90
43
79
73
91
60
34
72
91
3
57
20
7
62
71
32
18
45
29
71
2
44
72
13
57
45
